 lambda:     AW           AP               AE                 b
              0.0000         10.0000         10.0000          0.1000
             10.0000         20.0000         10.0000          0.1000
             10.0000         20.0000         10.0000          0.1000
             10.0000         20.0000         10.0000          0.1000
             10.0000         20.0000         10.0000          0.1000
             10.0000         20.0000         10.0000          0.1000
             10.0000         20.0000         10.0000          0.1000
             10.0000         20.0000         10.0000          0.1000
             10.0000         20.0000         10.0000          0.1000
             10.0000         20.0000         10.0000          0.1000
             10.0000         20.0000         10.0000          0.1000
             10.0000         20.0000         10.0000          0.1000
             10.0000         20.0000         10.0000          0.1000
             10.0000         20.0000         10.0000          0.1000
             10.0000         20.0000         10.0000          0.1000
             10.0000         20.0000         10.0000          0.1000
             10.0000         20.0000         10.0000          0.1000
             10.0000         20.0000         10.0000          0.1000
             10.0000         20.0000         10.0000          0.1000
             10.0000         20.0000         10.0000          0.1000
             10.0000         20.0000         10.0000          0.1000
             10.0000         20.0000         10.0000          0.1000
             10.0000         20.0000         10.0000          0.1000
             10.0000         20.0000         10.0000          0.1000
             10.0000         20.0000         10.0000          0.1000
             10.0000         20.0000         10.0000          0.1000
             10.0000         20.0000         10.0000          0.1000
             10.0000         20.0000         10.0000          0.1000
             10.0000         20.0000         10.0000          0.1000
             10.0000         20.0000         10.0000          0.1000
             10.0000         20.0000         10.0000          0.1000
             10.0000         20.0000         10.0000          0.1000
             10.0000         20.0000         10.0000          0.1000
             10.0000         20.0000         10.0000          0.1000
             10.0000         20.0000         10.0000          0.1000
             10.0000         20.0000         10.0000          0.1000
             10.0000         20.0000         10.0000          0.1000
             10.0000         20.0000         10.0000          0.1000
             10.0000         20.0000         10.0000          0.1000
             10.0000         20.0000         10.0000          0.1000
             10.0000         20.0000         10.0000          0.1000
             10.0000         20.0000         10.0000          0.1000
             10.0000         20.0000         10.0000          0.1000
             10.0000         20.0000         10.0000          0.1000
             10.0000         20.0000         10.0000          0.1000
             10.0000         20.0000         10.0000          0.1000
             10.0000         20.0000         10.0000          0.1000
             10.0000         20.0000         10.0000          0.1000
             10.0000         20.0000         10.0000          0.1000
             10.0000         20.0000         10.0000          0.1000
             10.0000         20.0000         10.0000          0.1000
             10.0000         20.0000         10.0000          0.1000
             10.0000         20.0000         10.0000          0.1000
             10.0000         20.0000         10.0000          0.1000
             10.0000         20.0000         10.0000          0.1000
             10.0000         20.0000         10.0000          0.1000
             10.0000         20.0000         10.0000          0.1000
             10.0000         20.0000         10.0000          0.1000
             10.0000         20.0000         10.0000          0.1000
             10.0000         20.0000         10.0000          0.1000
             10.0000         20.0000         10.0000          0.1000
             10.0000         20.0000         10.0000          0.1000
             10.0000         20.0000         10.0000          0.1000
             10.0000         20.0000         10.0000          0.1000
             10.0000         20.0000         10.0000          0.1000
             10.0000         20.0000         10.0000          0.1000
             10.0000         20.0000         10.0000          0.1000
             10.0000         20.0000         10.0000          0.1000
             10.0000         20.0000         10.0000          0.1000
             10.0000         20.0000         10.0000          0.1000
             10.0000         20.0000         10.0000          0.1000
             10.0000         20.0000         10.0000          0.1000
             10.0000         20.0000         10.0000          0.1000
             10.0000         20.0000         10.0000          0.1000
             10.0000         20.0000         10.0000          0.1000
             10.0000         20.0000         10.0000          0.1000
             10.0000         20.0000         10.0000          0.1000
             10.0000         20.0000         10.0000          0.1000
             10.0000         20.0000         10.0000          0.1000
             10.0000         20.0000         10.0000          0.1000
             10.0000         20.0000         10.0000          0.1000
             10.0000         20.0000         10.0000          0.1000
             10.0000         20.0000         10.0000          0.1000
             10.0000         20.0000         10.0000          0.1000
             10.0000         20.0000         10.0000          0.1000
             10.0000         20.0000         10.0000          0.1000
             10.0000         20.0000         10.0000          0.1000
             10.0000         20.0000         10.0000          0.1000
             10.0000         20.0000         10.0000          0.1000
             10.0000         20.0000         10.0000          0.1000
             10.0000         20.0000         10.0000          0.1000
             10.0000         20.0000         10.0000          0.1000
             10.0000         20.0000         10.0000          0.1000
             10.0000         20.0000         10.0000          0.1000
             10.0000         20.0000         10.0000          0.1000
             10.0000         20.0000         10.0000          0.1000
             10.0000         20.0000         10.0000          0.1000
             10.0000         20.0000         10.0000          0.1000
             10.0000         20.0000         10.0000          0.1000
             10.0000         10.0000          0.0000          0.1000
