 节点坐标：    界面坐标：
  0.0000          0.0000
  0.0050          0.0100
  0.0150          0.0200
  0.0250          0.0300
  0.0350          0.0400
  0.0450          0.0500
  0.0550          0.0600
  0.0650          0.0700
  0.0750          0.0800
  0.0850          0.0900
  0.0950          0.1000
  0.1050          0.1100
  0.1150          0.1200
  0.1250          0.1300
  0.1350          0.1400
  0.1450          0.1500
  0.1550          0.1600
  0.1650          0.1700
  0.1750          0.1800
  0.1850          0.1900
  0.1950          0.2000
  0.2050          0.2100
  0.2150          0.2200
  0.2250          0.2300
  0.2350          0.2400
  0.2450          0.2500
  0.2550          0.2600
  0.2650          0.2700
  0.2750          0.2800
  0.2850          0.2900
  0.2950          0.3000
  0.3050          0.3100
  0.3150          0.3200
  0.3250          0.3300
  0.3350          0.3400
  0.3450          0.3500
  0.3550          0.3600
  0.3650          0.3700
  0.3750          0.3800
  0.3850          0.3900
  0.3950          0.4000
  0.4050          0.4100
  0.4150          0.4200
  0.4250          0.4300
  0.4350          0.4400
  0.4450          0.4500
  0.4550          0.4600
  0.4650          0.4700
  0.4750          0.4800
  0.4850          0.4900
  0.4950          0.5000
  0.5050          0.5100
  0.5150          0.5200
  0.5250          0.5300
  0.5350          0.5400
  0.5450          0.5500
  0.5550          0.5600
  0.5650          0.5700
  0.5750          0.5800
  0.5850          0.5900
  0.5950          0.6000
  0.6050          0.6100
  0.6150          0.6200
  0.6250          0.6300
  0.6350          0.6400
  0.6450          0.6500
  0.6550          0.6600
  0.6650          0.6700
  0.6750          0.6800
  0.6850          0.6900
  0.6950          0.7000
  0.7050          0.7100
  0.7150          0.7200
  0.7250          0.7300
  0.7350          0.7400
  0.7450          0.7500
  0.7550          0.7600
  0.7650          0.7700
  0.7750          0.7800
  0.7850          0.7900
  0.7950          0.8000
  0.8050          0.8100
  0.8150          0.8200
  0.8250          0.8300
  0.8350          0.8400
  0.8450          0.8500
  0.8550          0.8600
  0.8650          0.8700
  0.8750          0.8800
  0.8850          0.8900
  0.8950          0.9000
  0.9050          0.9100
  0.9150          0.9200
  0.9250          0.9300
  0.9350          0.9400
  0.9450          0.9500
  0.9550          0.9600
  0.9650          0.9700
  0.9750          0.9800
  0.9850          0.9900
  0.9950          1.0000
  1.0050          1.0100
  1.0150          1.0200
  1.0250          1.0300
  1.0350          1.0400
  1.0450          1.0500
  1.0550          1.0600
  1.0650          1.0700
  1.0750          1.0800
  1.0850          1.0900
  1.0950          1.1000
  1.1050          1.1100
  1.1150          1.1200
  1.1250          1.1300
  1.1350          1.1400
  1.1450          1.1500
  1.1550          1.1600
  1.1650          1.1700
  1.1750          1.1800
  1.1850          1.1900
  1.1950          1.2000
  1.2050          1.2100
  1.2150          1.2200
  1.2250          1.2300
  1.2350          1.2400
  1.2450          1.2500
  1.2550          1.2600
  1.2650          1.2700
  1.2750          1.2800
  1.2850          1.2900
  1.2950          1.3000
  1.3050          1.3100
  1.3150          1.3200
  1.3250          1.3300
  1.3350          1.3400
  1.3450          1.3500
  1.3550          1.3600
  1.3650          1.3700
  1.3750          1.3800
  1.3850          1.3900
  1.3950          1.4000
  1.4050          1.4100
  1.4150          1.4200
  1.4250          1.4300
  1.4350          1.4400
  1.4450          1.4500
  1.4550          1.4600
  1.4650          1.4700
  1.4750          1.4800
  1.4850          1.4900
  1.4950          1.5000
  1.5050          1.5100
  1.5150          1.5200
  1.5250          1.5300
  1.5350          1.5400
  1.5450          1.5500
  1.5550          1.5600
  1.5650          1.5700
  1.5750          1.5800
  1.5850          1.5900
  1.5950          1.6000
  1.6050          1.6100
  1.6150          1.6200
  1.6250          1.6300
  1.6350          1.6400
  1.6450          1.6500
  1.6550          1.6600
  1.6650          1.6700
  1.6750          1.6800
  1.6850          1.6900
  1.6950          1.7000
  1.7050          1.7100
  1.7150          1.7200
  1.7250          1.7300
  1.7350          1.7400
  1.7450          1.7500
  1.7550          1.7600
  1.7650          1.7700
  1.7750          1.7800
  1.7850          1.7900
  1.7950          1.8000
  1.8050          1.8100
  1.8150          1.8200
  1.8250          1.8300
  1.8350          1.8400
  1.8450          1.8500
  1.8550          1.8600
  1.8650          1.8700
  1.8750          1.8800
  1.8850          1.8900
  1.8950          1.9000
  1.9050          1.9100
  1.9150          1.9200
  1.9250          1.9300
  1.9350          1.9400
  1.9450          1.9500
  1.9550          1.9600
  1.9650          1.9700
  1.9750          1.9800
  1.9850          1.9900
  1.9950          2.0000
  2.0050          2.0100
  2.0150          2.0200
  2.0250          2.0300
  2.0350          2.0400
  2.0450          2.0500
  2.0550          2.0600
  2.0650          2.0700
  2.0750          2.0800
  2.0850          2.0900
  2.0950          2.1000
  2.1050          2.1100
  2.1150          2.1200
  2.1250          2.1300
  2.1350          2.1400
  2.1450          2.1500
  2.1550          2.1600
  2.1650          2.1700
  2.1750          2.1800
  2.1850          2.1900
  2.1950          2.2000
  2.2050          2.2100
  2.2150          2.2200
  2.2250          2.2300
  2.2350          2.2400
  2.2450          2.2500
  2.2550          2.2600
  2.2650          2.2700
  2.2750          2.2800
  2.2850          2.2900
  2.2950          2.3000
  2.3050          2.3100
  2.3150          2.3200
  2.3250          2.3300
  2.3350          2.3400
  2.3450          2.3500
  2.3550          2.3600
  2.3650          2.3700
  2.3750          2.3800
  2.3850          2.3900
  2.3950          2.4000
  2.4050          2.4100
  2.4150          2.4200
  2.4250          2.4300
  2.4350          2.4400
  2.4450          2.4500
  2.4550          2.4600
  2.4650          2.4700
  2.4750          2.4800
  2.4850          2.4900
  2.4950          2.5000
  2.5050          2.5100
  2.5150          2.5200
  2.5250          2.5300
  2.5350          2.5400
  2.5450          2.5500
  2.5550          2.5600
  2.5650          2.5700
  2.5750          2.5800
  2.5850          2.5900
  2.5950          2.6000
  2.6050          2.6100
  2.6150          2.6200
  2.6250          2.6300
  2.6350          2.6400
  2.6450          2.6500
  2.6550          2.6600
  2.6650          2.6700
  2.6750          2.6800
  2.6850          2.6900
  2.6950          2.7000
  2.7050          2.7100
  2.7150          2.7200
  2.7250          2.7300
  2.7350          2.7400
  2.7450          2.7500
  2.7550          2.7600
  2.7650          2.7700
  2.7750          2.7800
  2.7850          2.7900
  2.7950          2.8000
  2.8050          2.8100
  2.8150          2.8200
  2.8250          2.8300
  2.8350          2.8400
  2.8450          2.8500
  2.8550          2.8600
  2.8650          2.8700
  2.8750          2.8800
  2.8850          2.8900
  2.8950          2.9000
  2.9050          2.9100
  2.9150          2.9200
  2.9250          2.9300
  2.9350          2.9400
  2.9450          2.9500
  2.9550          2.9600
  2.9650          2.9700
  2.9750          2.9800
  2.9850          2.9900
  2.9950          3.0000
  3.0050          3.0100
  3.0150          3.0200
  3.0250          3.0300
  3.0350          3.0400
  3.0450          3.0500
  3.0550          3.0600
  3.0650          3.0700
  3.0750          3.0800
  3.0850          3.0900
  3.0950          3.1000
  3.1050          3.1100
  3.1150          3.1200
  3.1250          3.1300
  3.1350          3.1400
  3.1450          3.1500
  3.1550          3.1600
  3.1650          3.1700
  3.1750          3.1800
  3.1850          3.1900
  3.1950          3.2000
  3.2050          3.2100
  3.2150          3.2200
  3.2250          3.2300
  3.2350          3.2400
  3.2450          3.2500
  3.2550          3.2600
  3.2650          3.2700
  3.2750          3.2800
  3.2850          3.2900
  3.2950          3.3000
  3.3050          3.3100
  3.3150          3.3200
  3.3250          3.3300
  3.3350          3.3400
  3.3450          3.3500
  3.3550          3.3600
  3.3650          3.3700
  3.3750          3.3800
  3.3850          3.3900
  3.3950          3.4000
  3.4050          3.4100
  3.4150          3.4200
  3.4250          3.4300
  3.4350          3.4400
  3.4450          3.4500
  3.4550          3.4600
  3.4650          3.4700
  3.4750          3.4800
  3.4850          3.4900
  3.4950          3.5000
  3.5050          3.5100
  3.5150          3.5200
  3.5250          3.5300
  3.5350          3.5400
  3.5450          3.5500
  3.5550          3.5600
  3.5650          3.5700
  3.5750          3.5800
  3.5850          3.5900
  3.5950          3.6000
  3.6050          3.6100
  3.6150          3.6200
  3.6250          3.6300
  3.6350          3.6400
  3.6450          3.6500
  3.6550          3.6600
  3.6650          3.6700
  3.6750          3.6800
  3.6850          3.6900
  3.6950          3.7000
  3.7050          3.7100
  3.7150          3.7200
  3.7250          3.7300
  3.7350          3.7400
  3.7450          3.7500
  3.7550          3.7600
  3.7650          3.7700
  3.7750          3.7800
  3.7850          3.7900
  3.7950          3.8000
  3.8050          3.8100
  3.8150          3.8200
  3.8250          3.8300
  3.8350          3.8400
  3.8450          3.8500
  3.8550          3.8600
  3.8650          3.8700
  3.8750          3.8800
  3.8850          3.8900
  3.8950          3.9000
  3.9050          3.9100
  3.9150          3.9200
  3.9250          3.9300
  3.9350          3.9400
  3.9450          3.9500
  3.9550          3.9600
  3.9650          3.9700
  3.9750          3.9800
  3.9850          3.9900
  3.9950          4.0000
  4.0050          4.0100
  4.0150          4.0200
  4.0250          4.0300
  4.0350          4.0400
  4.0450          4.0500
  4.0550          4.0600
  4.0650          4.0700
  4.0750          4.0800
  4.0850          4.0900
  4.0950          4.1000
  4.1050          4.1100
  4.1150          4.1200
  4.1250          4.1300
  4.1350          4.1400
  4.1450          4.1500
  4.1550          4.1600
  4.1650          4.1700
  4.1750          4.1800
  4.1850          4.1900
  4.1950          4.2000
  4.2050          4.2100
  4.2150          4.2200
  4.2250          4.2300
  4.2350          4.2400
  4.2450          4.2500
  4.2550          4.2600
  4.2650          4.2700
  4.2750          4.2800
  4.2850          4.2900
  4.2950          4.3000
  4.3050          4.3100
  4.3150          4.3200
  4.3250          4.3300
  4.3350          4.3400
  4.3450          4.3500
  4.3550          4.3600
  4.3650          4.3700
  4.3750          4.3800
  4.3850          4.3900
  4.3950          4.4000
  4.4050          4.4100
  4.4150          4.4200
  4.4250          4.4300
  4.4350          4.4400
  4.4450          4.4500
  4.4550          4.4600
  4.4650          4.4700
  4.4750          4.4800
  4.4850          4.4900
  4.4950          4.5000
  4.5050          4.5100
  4.5150          4.5200
  4.5250          4.5300
  4.5350          4.5400
  4.5450          4.5500
  4.5550          4.5600
  4.5650          4.5700
  4.5750          4.5800
  4.5850          4.5900
  4.5950          4.6000
  4.6050          4.6100
  4.6150          4.6200
  4.6250          4.6300
  4.6350          4.6400
  4.6450          4.6500
  4.6550          4.6600
  4.6650          4.6700
  4.6750          4.6800
  4.6850          4.6900
  4.6950          4.7000
  4.7050          4.7100
  4.7150          4.7200
  4.7250          4.7300
  4.7350          4.7400
  4.7450          4.7500
  4.7550          4.7600
  4.7650          4.7700
  4.7750          4.7800
  4.7850          4.7900
  4.7950          4.8000
  4.8050          4.8100
  4.8150          4.8200
  4.8250          4.8300
  4.8350          4.8400
  4.8450          4.8500
  4.8550          4.8600
  4.8650          4.8700
  4.8750          4.8800
  4.8850          4.8900
  4.8950          4.9000
  4.9050          4.9100
  4.9150          4.9200
  4.9250          4.9300
  4.9350          4.9400
  4.9450          4.9500
  4.9550          4.9600
  4.9650          4.9700
  4.9750          4.9800
  4.9850          4.9900
  4.9950          5.0000
  5.0050          5.0100
  5.0150          5.0200
  5.0250          5.0300
  5.0350          5.0400
  5.0450          5.0500
  5.0550          5.0600
  5.0650          5.0700
  5.0750          5.0800
  5.0850          5.0900
  5.0950          5.1000
  5.1050          5.1100
  5.1150          5.1200
  5.1250          5.1300
  5.1350          5.1400
  5.1450          5.1500
  5.1550          5.1600
  5.1650          5.1700
  5.1750          5.1800
  5.1850          5.1900
  5.1950          5.2000
  5.2050          5.2100
  5.2150          5.2200
  5.2250          5.2300
  5.2350          5.2400
  5.2450          5.2500
  5.2550          5.2600
  5.2650          5.2700
  5.2750          5.2800
  5.2850          5.2900
  5.2950          5.3000
  5.3050          5.3100
  5.3150          5.3200
  5.3250          5.3300
  5.3350          5.3400
  5.3450          5.3500
  5.3550          5.3600
  5.3650          5.3700
  5.3750          5.3800
  5.3850          5.3900
  5.3950          5.4000
  5.4050          5.4100
  5.4150          5.4200
  5.4250          5.4300
  5.4350          5.4400
  5.4450          5.4500
  5.4550          5.4600
  5.4650          5.4700
  5.4750          5.4800
  5.4850          5.4900
  5.4950          5.5000
  5.5050          5.5100
  5.5150          5.5200
  5.5250          5.5300
  5.5350          5.5400
  5.5450          5.5500
  5.5550          5.5600
  5.5650          5.5700
  5.5750          5.5800
  5.5850          5.5900
  5.5950          5.6000
  5.6050          5.6100
  5.6150          5.6200
  5.6250          5.6300
  5.6350          5.6400
  5.6450          5.6500
  5.6550          5.6600
  5.6650          5.6700
  5.6750          5.6800
  5.6850          5.6900
  5.6950          5.7000
  5.7050          5.7100
  5.7150          5.7200
  5.7250          5.7300
  5.7350          5.7400
  5.7450          5.7500
  5.7550          5.7600
  5.7650          5.7700
  5.7750          5.7800
  5.7850          5.7900
  5.7950          5.8000
  5.8050          5.8100
  5.8150          5.8200
  5.8250          5.8300
  5.8350          5.8400
  5.8450          5.8500
  5.8550          5.8600
  5.8650          5.8700
  5.8750          5.8800
  5.8850          5.8900
  5.8950          5.9000
  5.9050          5.9100
  5.9150          5.9200
  5.9250          5.9300
  5.9350          5.9400
  5.9450          5.9500
  5.9550          5.9600
  5.9650          5.9700
  5.9750          5.9800
  5.9850          5.9900
  5.9950          6.0000
  6.0050          6.0100
  6.0150          6.0200
  6.0250          6.0300
  6.0350          6.0400
  6.0450          6.0500
  6.0550          6.0600
  6.0650          6.0700
  6.0750          6.0800
  6.0850          6.0900
  6.0950          6.1000
  6.1050          6.1100
  6.1150          6.1200
  6.1250          6.1300
  6.1350          6.1400
  6.1450          6.1500
  6.1550          6.1600
  6.1650          6.1700
  6.1750          6.1800
  6.1850          6.1900
  6.1950          6.2000
  6.2050          6.2100
  6.2150          6.2200
  6.2250          6.2300
  6.2350          6.2400
  6.2450          6.2500
  6.2550          6.2600
  6.2650          6.2700
  6.2750          6.2800
  6.2850          6.2900
  6.2950          6.3000
  6.3050          6.3100
  6.3150          6.3200
  6.3250          6.3300
  6.3350          6.3400
  6.3450          6.3500
  6.3550          6.3600
  6.3650          6.3700
  6.3750          6.3800
  6.3850          6.3900
  6.3950          6.4000
  6.4050          6.4100
  6.4150          6.4200
  6.4250          6.4300
  6.4350          6.4400
  6.4450          6.4500
  6.4550          6.4600
  6.4650          6.4700
  6.4750          6.4800
  6.4850          6.4900
  6.4950          6.5000
  6.5050          6.5100
  6.5150          6.5200
  6.5250          6.5300
  6.5350          6.5400
  6.5450          6.5500
  6.5550          6.5600
  6.5650          6.5700
  6.5750          6.5800
  6.5850          6.5900
  6.5950          6.6000
  6.6050          6.6100
  6.6150          6.6200
  6.6250          6.6300
  6.6350          6.6400
  6.6450          6.6500
  6.6550          6.6600
  6.6650          6.6700
  6.6750          6.6800
  6.6850          6.6900
  6.6950          6.7000
  6.7050          6.7100
  6.7150          6.7200
  6.7250          6.7300
  6.7350          6.7400
  6.7450          6.7500
  6.7550          6.7600
  6.7650          6.7700
  6.7750          6.7800
  6.7850          6.7900
  6.7950          6.8000
  6.8050          6.8100
  6.8150          6.8200
  6.8250          6.8300
  6.8350          6.8400
  6.8450          6.8500
  6.8550          6.8600
  6.8650          6.8700
  6.8750          6.8800
  6.8850          6.8900
  6.8950          6.9000
  6.9050          6.9100
  6.9150          6.9200
  6.9250          6.9300
  6.9350          6.9400
  6.9450          6.9500
  6.9550          6.9600
  6.9650          6.9700
  6.9750          6.9800
  6.9850          6.9900
  6.9950          7.0000
  7.0050          7.0100
  7.0150          7.0200
  7.0250          7.0300
  7.0350          7.0400
  7.0450          7.0500
  7.0550          7.0600
  7.0650          7.0700
  7.0750          7.0800
  7.0850          7.0900
  7.0950          7.1000
  7.1050          7.1100
  7.1150          7.1200
  7.1250          7.1300
  7.1350          7.1400
  7.1450          7.1500
  7.1550          7.1600
  7.1650          7.1700
  7.1750          7.1800
  7.1850          7.1900
  7.1950          7.2000
  7.2050          7.2100
  7.2150          7.2200
  7.2250          7.2300
  7.2350          7.2400
  7.2450          7.2500
  7.2550          7.2600
  7.2650          7.2700
  7.2750          7.2800
  7.2850          7.2900
  7.2950          7.3000
  7.3050          7.3100
  7.3150          7.3200
  7.3250          7.3300
  7.3350          7.3400
  7.3450          7.3500
  7.3550          7.3600
  7.3650          7.3700
  7.3750          7.3800
  7.3850          7.3900
  7.3950          7.4000
  7.4050          7.4100
  7.4150          7.4200
  7.4250          7.4300
  7.4350          7.4400
  7.4450          7.4500
  7.4550          7.4600
  7.4650          7.4700
  7.4750          7.4800
  7.4850          7.4900
  7.4950          7.5000
  7.5050          7.5100
  7.5150          7.5200
  7.5250          7.5300
  7.5350          7.5400
  7.5450          7.5500
  7.5550          7.5600
  7.5650          7.5700
  7.5750          7.5800
  7.5850          7.5900
  7.5950          7.6000
  7.6050          7.6100
  7.6150          7.6200
  7.6250          7.6300
  7.6350          7.6400
  7.6450          7.6500
  7.6550          7.6600
  7.6650          7.6700
  7.6750          7.6800
  7.6850          7.6900
  7.6950          7.7000
  7.7050          7.7100
  7.7150          7.7200
  7.7250          7.7300
  7.7350          7.7400
  7.7450          7.7500
  7.7550          7.7600
  7.7650          7.7700
  7.7750          7.7800
  7.7850          7.7900
  7.7950          7.8000
  7.8050          7.8100
  7.8150          7.8200
  7.8250          7.8300
  7.8350          7.8400
  7.8450          7.8500
  7.8550          7.8600
  7.8650          7.8700
  7.8750          7.8800
  7.8850          7.8900
  7.8950          7.9000
  7.9050          7.9100
  7.9150          7.9200
  7.9250          7.9300
  7.9350          7.9400
  7.9450          7.9500
  7.9550          7.9600
  7.9650          7.9700
  7.9750          7.9800
  7.9850          7.9900
  7.9950          8.0000
  8.0050          8.0100
  8.0150          8.0200
  8.0250          8.0300
  8.0350          8.0400
  8.0450          8.0500
  8.0550          8.0600
  8.0650          8.0700
  8.0750          8.0800
  8.0850          8.0900
  8.0950          8.1000
  8.1050          8.1100
  8.1150          8.1200
  8.1250          8.1300
  8.1350          8.1400
  8.1450          8.1500
  8.1550          8.1600
  8.1650          8.1700
  8.1750          8.1800
  8.1850          8.1900
  8.1950          8.2000
  8.2050          8.2100
  8.2150          8.2200
  8.2250          8.2300
  8.2350          8.2400
  8.2450          8.2500
  8.2550          8.2600
  8.2650          8.2700
  8.2750          8.2800
  8.2850          8.2900
  8.2950          8.3000
  8.3050          8.3100
  8.3150          8.3200
  8.3250          8.3300
  8.3350          8.3400
  8.3450          8.3500
  8.3550          8.3600
  8.3650          8.3700
  8.3750          8.3800
  8.3850          8.3900
  8.3950          8.4000
  8.4050          8.4100
  8.4150          8.4200
  8.4250          8.4300
  8.4350          8.4400
  8.4450          8.4500
  8.4550          8.4600
  8.4650          8.4700
  8.4750          8.4800
  8.4850          8.4900
  8.4950          8.5000
  8.5050          8.5100
  8.5150          8.5200
  8.5250          8.5300
  8.5350          8.5400
  8.5450          8.5500
  8.5550          8.5600
  8.5650          8.5700
  8.5750          8.5800
  8.5850          8.5900
  8.5950          8.6000
  8.6050          8.6100
  8.6150          8.6200
  8.6250          8.6300
  8.6350          8.6400
  8.6450          8.6500
  8.6550          8.6600
  8.6650          8.6700
  8.6750          8.6800
  8.6850          8.6900
  8.6950          8.7000
  8.7050          8.7100
  8.7150          8.7200
  8.7250          8.7300
  8.7350          8.7400
  8.7450          8.7500
  8.7550          8.7600
  8.7650          8.7700
  8.7750          8.7800
  8.7850          8.7900
  8.7950          8.8000
  8.8050          8.8100
  8.8150          8.8200
  8.8250          8.8300
  8.8350          8.8400
  8.8450          8.8500
  8.8550          8.8600
  8.8650          8.8700
  8.8750          8.8800
  8.8850          8.8900
  8.8950          8.9000
  8.9050          8.9100
  8.9150          8.9200
  8.9250          8.9300
  8.9350          8.9400
  8.9450          8.9500
  8.9550          8.9600
  8.9650          8.9700
  8.9750          8.9800
  8.9850          8.9900
  8.9950          9.0000
  9.0050          9.0100
  9.0150          9.0200
  9.0250          9.0300
  9.0350          9.0400
  9.0450          9.0500
  9.0550          9.0600
  9.0650          9.0700
  9.0750          9.0800
  9.0850          9.0900
  9.0950          9.1000
  9.1050          9.1100
  9.1150          9.1200
  9.1250          9.1300
  9.1350          9.1400
  9.1450          9.1500
  9.1550          9.1600
  9.1650          9.1700
  9.1750          9.1800
  9.1850          9.1900
  9.1950          9.2000
  9.2050          9.2100
  9.2150          9.2200
  9.2250          9.2300
  9.2350          9.2400
  9.2450          9.2500
  9.2550          9.2600
  9.2650          9.2700
  9.2750          9.2800
  9.2850          9.2900
  9.2950          9.3000
  9.3050          9.3100
  9.3150          9.3200
  9.3250          9.3300
  9.3350          9.3400
  9.3450          9.3500
  9.3550          9.3600
  9.3650          9.3700
  9.3750          9.3800
  9.3850          9.3900
  9.3950          9.4000
  9.4050          9.4100
  9.4150          9.4200
  9.4250          9.4300
  9.4350          9.4400
  9.4450          9.4500
  9.4550          9.4600
  9.4650          9.4700
  9.4750          9.4800
  9.4850          9.4900
  9.4950          9.5000
  9.5050          9.5100
  9.5150          9.5200
  9.5250          9.5300
  9.5350          9.5400
  9.5450          9.5500
  9.5550          9.5600
  9.5650          9.5700
  9.5750          9.5800
  9.5850          9.5900
  9.5950          9.6000
  9.6050          9.6100
  9.6150          9.6200
  9.6250          9.6300
  9.6350          9.6400
  9.6450          9.6500
  9.6550          9.6600
  9.6650          9.6700
  9.6750          9.6800
  9.6850          9.6900
  9.6950          9.7000
  9.7050          9.7100
  9.7150          9.7200
  9.7250          9.7300
  9.7350          9.7400
  9.7450          9.7500
  9.7550          9.7600
  9.7650          9.7700
  9.7750          9.7800
  9.7850          9.7900
  9.7950          9.8000
  9.8050          9.8100
  9.8150          9.8200
  9.8250          9.8300
  9.8350          9.8400
  9.8450          9.8500
  9.8550          9.8600
  9.8650          9.8700
  9.8750          9.8800
  9.8850          9.8900
  9.8950          9.9000
  9.9050          9.9100
  9.9150          9.9200
  9.9250          9.9300
  9.9350          9.9400
  9.9450          9.9500
  9.9550          9.9600
  9.9650          9.9700
  9.9750          9.9800
  9.9850          9.9900
  9.9950         10.0000
 10.0000
